family
00000000000000000000000000000000
01010101010101000000000000000000
01010101010101000000000000000000
01010101010101000000000000000000
02020200000000000000000000000000
02020200000000000000000000000000
02020200000000000000000000000000
00000000000000000000000000000000
00000000000000000000000000000000
00000000000000000000000000000000
00000000000000000000000000000000
00000000000000000000000000000000
00000000000000000000000000000000
00000000000000000000000000000000
00000000000000000000000000000000
00000000000000000000000000000000

physics
00010001030000010000000000000000
01010101010101000000000000000000
01010101010101000000000000000000
01010101010101000000000000000000
02020200000000000000000000000000
02020200000000000000000000000000
02020200000000000000000000000000
00000000000000000000000000000000
00000000000000000000000000000000
00000000000000000000000000000000
00000000000000000000000000000000
00000000000000000000000000000000
00000000000000000000000000000000
00000000000000000000000000000000
00000000000000000000000000000000
00000000000000000000000000000000

neighbors
00000000000000000000000000000000
0bff16ffff1fff000000000000000000
6bffd6fffffefb000000000000000000
68f8d00000df7f000000000000000000
0b1f1600000000000000000000000000
6bffd600000000000000000000000000
68f8d000000000000000000000000000
00000000000000000000000000000000
00000000000000000000000000000000
00000000000000000000000000000000
00000000000000000000000000000000
00000000000000000000000000000000
00000000000000000000000000000000
00000000000000000000000000000000
00000000000000000000000000000000
00000000000000000000000000000000

